2016 01 05 18 46
2016 01 08 04 26
2016 01 08 11 59
2016 01 15 14 30
2016 01 19 11 50
2016 01 21 17 16
2016 01 28 06 56
2016 01 28 16 44
2016 02 02 05 35
2016 02 03 15 41
2016 02 03 18 42
2016 02 04 20 43
2016 02 08 03 43
2016 02 10 21 53
2016 02 14 20 34
2016 02 17 19 30
2016 02 22 20 34
2016 03 16 03 51
2016 03 17 13 14
2016 03 21 22 42
2016 03 23 23 33
2016 03 25 02 28
2016 03 25 13 20
2016 04 03 18 16
2016 04 10 15 40
2016 04 11 23 13
2016 04 14 12 30
2016 04 23 09 03
2016 04 24 12 07
2016 04 26 23 30
2016 05 03 07 40
2016 05 03 20 22
2016 05 04 13 36
2016 05 05 01 27
2016 05 09 08 31
2016 05 10 22 37
2016 05 12 23 40
2016 05 17 16 02
2016 05 19 14 29
2016 05 20 22 17
2016 06 05 15 23
2016 06 14 02 08
2016 06 19 14 18
2016 07 06 05 01
2016 07 07 02 45
2016 07 11 05 17
2016 07 20 13 14
2016 07 20 15 27
2016 07 22 02 54
2016 07 26 16 04
2016 07 27 08 57
2016 07 28 11 14
2016 08 05 00 26
2016 08 07 05 11
2016 08 08 04 49
2016 08 10 15 12
2016 08 15 15 03
2016 08 17 21 14
2016 08 18 12 26
2016 08 18 17 54
2016 08 21 04 02
2016 08 22 04 49
2016 08 26 01 58
2016 08 27 12 00
2016 09 04 06 20
2016 09 13 14 57
2016 09 21 00 50
2016 09 21 04 44
2016 09 21 20 41
2016 09 24 10 20
2016 10 01 01 42
2016 10 03 17 14
2016 10 05 04 49
2016 10 08 07 05
2016 10 08 13 48
2016 10 10 05 36
2016 10 11 00 25
2016 10 14 19 11
2016 10 18 01 16
2016 10 24 16 58
2016 11 02 02 27
2016 11 02 21 19
2016 11 03 22 42
2016 11 04 04 34
2016 11 06 19 52
2016 11 16 10 35
2016 11 19 06 28
2016 11 21 04 58
2016 11 21 14 49
2016 11 23 02 48
2016 11 24 05 39
2016 12 09 17 14
2016 12 10 21 10
2016 12 14 18 53
2016 12 17 08 02
2016 12 18 21 38
2016 12 20 01 45
2016 12 23 14 10
2016 12 23 16 19
2016 12 26 21 05
