2016 01 02 21 02
2016 01 05 19 26
2016 01 12 06 25
2016 01 23 18 30
2016 01 25 09 50
2016 02 10 05 40
2016 02 10 13 15
2016 02 14 06 27
2016 02 20 10 43
2016 02 27 12 30
2016 03 03 19 29
2016 03 05 19 18
2016 03 06 02 27
2016 03 07 00 29
2016 03 08 05 40
2016 03 10 07 11
2016 03 12 23 27
2016 03 14 12 51
2016 03 16 16 32
2016 03 17 23 31
2016 03 18 14 17
2016 03 19 21 47
2016 03 26 12 08
2016 03 27 13 46
2016 04 01 12 36
2016 04 05 00 19
2016 04 08 06 57
2016 04 08 22 36
2016 04 09 06 50
2016 04 13 06 29
2016 04 13 19 53
2016 04 19 07 23
2016 04 20 16 00
2016 04 22 04 27
2016 04 27 03 51
2016 04 28 15 44
2016 04 28 18 04
2016 05 04 20 02
2016 05 05 04 39
2016 05 13 22 12
2016 05 14 17 12
2016 05 21 23 18
2016 05 23 01 00
2016 06 01 14 14
2016 06 05 17 25
2016 06 10 00 53
2016 06 12 09 04
2016 06 17 19 43
2016 06 21 09 38
2016 06 24 16 55
2016 07 01 09 54
2016 07 02 21 25
2016 07 08 23 10
2016 07 09 02 09
2016 07 10 23 36
2016 07 11 06 29
2016 07 11 11 55
2016 07 12 03 23
2016 07 19 04 53
2016 07 20 17 01
2016 07 23 22 18
2016 07 26 16 34
2016 07 28 08 31
2016 08 01 23 02
2016 08 05 18 24
2016 08 11 20 09
2016 08 12 02 26
2016 08 22 18 07
2016 08 22 19 59
2016 08 26 15 20
2016 09 04 08 41
2016 09 05 10 25
2016 09 08 15 08
2016 09 09 18 35
2016 09 16 23 51
2016 09 22 10 06
2016 09 23 01 42
2016 10 13 07 20
2016 10 20 12 22
2016 10 24 03 50
2016 10 27 08 46
2016 11 03 22 36
2016 11 06 06 38
2016 11 09 10 42
2016 11 09 23 10
2016 11 13 01 59
2016 11 13 10 56
2016 11 13 12 17
2016 11 19 11 01
2016 11 20 01 20
2016 11 20 18 52
2016 11 22 03 00
2016 11 27 16 20
2016 12 09 18 35
2016 12 11 10 06
2016 12 14 05 49
2016 12 17 15 18
2016 12 19 05 45
2016 12 20 12 16
2016 12 22 18 48
